                  14 Sep 2022 11:56:15.931          205.638             30.000    22576.671013
                  14 Sep 2022 12:00:25.000          206.266             31.918    22407.330035
                  14 Sep 2022 12:04:35.000          206.945             33.857    22241.173408
                  14 Sep 2022 12:08:45.000          207.678             35.808    22079.116825
                  14 Sep 2022 12:12:55.000          208.468             37.771    21921.429806
                  14 Sep 2022 12:17:05.000          209.317             39.744    21768.374360
                  14 Sep 2022 12:21:15.000          210.232             41.725    21620.203968
                  14 Sep 2022 12:25:25.000          211.216             43.714    21477.162556
                  14 Sep 2022 12:29:35.000          212.277             45.710    21339.483446
                  14 Sep 2022 12:33:45.000          213.422             47.709    21207.388375
                  14 Sep 2022 12:37:55.000          214.660             49.711    21081.086470
                  14 Sep 2022 12:42:05.000          216.002             51.714    20960.773282
                  14 Sep 2022 12:46:15.000          217.462             53.714    20846.629867
                  14 Sep 2022 12:50:25.000          219.054             55.709    20738.821910
                  14 Sep 2022 12:54:35.000          220.801             57.695    20637.498891
                  14 Sep 2022 12:58:45.000          222.724             59.670    20542.793394
                  14 Sep 2022 13:02:55.000          224.857             61.628    20454.820433
                  14 Sep 2022 13:07:05.000          227.237             63.564    20373.676910
                  14 Sep 2022 13:11:15.000          229.913             65.471    20299.441179
                  14 Sep 2022 13:15:25.000          232.947             67.341    20232.172695
                  14 Sep 2022 13:19:35.000          236.418             69.163    20171.911848
                  14 Sep 2022 13:23:45.000          240.428             70.922    20118.679860
                  14 Sep 2022 13:27:55.000          245.104             72.600    20072.478847
                  14 Sep 2022 13:32:05.000          250.600             74.173    20033.292004  1.56
                  14 Sep 2022 13:36:15.000          257.091             75.608    20001.083902  1.435   1.435
                  14 Sep 2022 13:40:25.000          264.750             76.958    19975.800969  1.254   1.35  76.862
                  14 Sep 2022 13:44:35.000          273.689             77.884    19957.372029  1.022   1.2
                  14 Sep 2022 13:48:45.000          283.860             78.617    19945.708996  0.733   1.
                  14 Sep 2022 13:52:55.000          294.950             79.008    19940.707673  0.389
                  14 Sep 2022 13:57:05.000          306.373             79.029    19942.248624  0.019
                  14 Sep 2022 14:01:15.000          317.430             78.685    19950.198186  0.344
                  14 Sep 2022 14:05:25.000          327.557             78.016    19964.409504  0.936
                  14 Sep 2022 14:09:35.000          336.472             77.080    19984.723658
                  14 Sep 2022 14:13:45.000          344.150             75.939    20010.970833
                  14 Sep 2022 14:17:55.000          350.711             74.645    20042.971518
                  14 Sep 2022 14:22:05.000          356.331             73.242    20080.537748
                  14 Sep 2022 14:26:15.000            1.184             71.761    20123.474333
                  14 Sep 2022 14:30:25.000            5.422             70.227    20171.580101
                  14 Sep 2022 14:34:35.000            9.168             68.657    20224.649116
                  14 Sep 2022 14:38:45.000           12.521             67.064    20282.471883
                  14 Sep 2022 14:42:55.000           15.559             65.459    20344.836510
                  14 Sep 2022 14:47:05.000           18.341             63.848    20411.529830
                  14 Sep 2022 14:51:15.000           20.916             62.238    20482.338474
                  14 Sep 2022 14:55:25.000           23.322             60.632    20557.049888
                  14 Sep 2022 14:59:35.000           25.587             59.035    20635.453287
                  14 Sep 2022 15:03:45.000           27.737             57.449    20717.340549
                  14 Sep 2022 15:07:55.000           29.790             55.877    20802.507034
                  14 Sep 2022 15:12:05.000           31.763             54.319    20890.752341
                  14 Sep 2022 15:16:15.000           33.667             52.777    20981.880984
                  14 Sep 2022 15:20:25.000           35.515             51.252    21075.703029
                  14 Sep 2022 15:24:35.000           37.314             49.745    21172.034603
                  14 Sep 2022 15:28:45.000           39.072             48.257    21270.698386
                  14 Sep 2022 15:32:55.000           40.795             46.787    21371.524022
                  14 Sep 2022 15:37:05.000           42.488             45.337    21474.348454
                  14 Sep 2022 15:41:15.000           44.156             43.905    21579.016208
                  14 Sep 2022 15:45:25.000           45.802             42.492    21685.379611
                  14 Sep 2022 15:49:35.000           47.429             41.099    21793.298958
                  14 Sep 2022 15:53:45.000           49.041             39.724    21902.642619
                  14 Sep 2022 15:57:55.000           50.638             38.368    22013.287102
                  14 Sep 2022 16:02:05.000           52.224             37.029    22125.117060
                  14 Sep 2022 16:06:15.000           53.799             35.709    22238.025265
                  14 Sep 2022 16:10:25.000           55.365             34.406    22351.912527
                  14 Sep 2022 16:14:35.000           56.924             33.120    22466.687588
                  14 Sep 2022 16:18:45.000           58.475             31.851    22582.266971
                  14 Sep 2022 16:22:55.000           60.020             30.597    22698.574801
                  14 Sep 2022 16:24:55.117           60.761             30.000    22754.695554
