14 Sep 2022 11:09:10.000     13271.412277      7496.612623     21634.587086
14 Sep 2022 11:09:20.000     13264.527676      7523.460399     21629.622121
14 Sep 2022 11:09:30.000     13257.660765      7550.306026     21624.610641
14 Sep 2022 11:09:40.000     13250.811550      7577.149436     21619.552660
14 Sep 2022 11:09:50.000     13243.980040      7603.990560     21614.448189
14 Sep 2022 11:10:00.000     13237.166244      7630.829327     21609.297239
14 Sep 2022 11:10:10.000     13230.370169      7657.665671     21604.099822
14 Sep 2022 11:10:20.000     13223.591822      7684.499520     21598.855949
14 Sep 2022 11:10:30.000     13216.831212      7711.330807     21593.565632
14 Sep 2022 11:10:40.000     13210.088346      7738.159462     21588.228884
14 Sep 2022 11:10:50.000     13203.363231      7764.985415     21582.845717
14 Sep 2022 11:11:00.000     13196.655875      7791.808599     21577.416142
14 Sep 2022 11:11:10.000     13189.966284      7818.628944     21571.940172
14 Sep 2022 11:11:20.000     13183.294466      7845.446380     21566.417819
14 Sep 2022 11:11:30.000     13176.640428      7872.260838     21560.849096
14 Sep 2022 11:11:40.000     13170.004176      7899.072251     21555.234015
14 Sep 2022 11:11:50.000     13163.385717      7925.880547     21549.572589
14 Sep 2022 11:12:00.000     13156.785057      7952.685659     21543.864830
14 Sep 2022 11:12:10.000     13150.202203      7979.487517     21538.110752
14 Sep 2022 11:12:20.000     13143.637161      8006.286052     21532.310368
14 Sep 2022 11:12:30.000     13137.089936      8033.081194     21526.463690
14 Sep 2022 11:12:40.000     13130.560536      8059.872876     21520.570732
14 Sep 2022 11:12:50.000     13124.048966      8086.661027     21514.631507
14 Sep 2022 11:13:00.000     13117.555231      8113.445578     21508.646028
14 Sep 2022 11:13:10.000     13111.079337      8140.226461     21502.614309
14 Sep 2022 11:13:20.000     13104.621289      8167.003606     21496.536363
14 Sep 2022 11:13:30.000     13098.181094      8193.776944     21490.412204
14 Sep 2022 11:13:40.000     13091.758755      8220.546406     21484.241846
14 Sep 2022 11:13:50.000     13085.354278      8247.311923     21478.025302
14 Sep 2022 11:14:00.000     13078.967669      8274.073425     21471.762588
14 Sep 2022 11:14:10.000     13072.598931      8300.830844     21465.453715
14 Sep 2022 11:14:20.000     13066.248069      8327.584110     21459.098700
14 Sep 2022 11:14:30.000     13059.915089      8354.333155     21452.697556
14 Sep 2022 11:14:40.000     13053.599993      8381.077908     21446.250297
14 Sep 2022 11:14:50.000     13047.302788      8407.818302     21439.756938
14 Sep 2022 11:15:00.000     13041.023476      8434.554267     21433.217493
14 Sep 2022 11:15:10.000     13034.762062      8461.285733     21426.631978
14 Sep 2022 11:15:20.000     13028.518549      8488.012632     21420.000406
14 Sep 2022 11:15:30.000     13022.292942      8514.734895     21413.322793
14 Sep 2022 11:15:40.000     13016.085244      8541.452452     21406.599154
14 Sep 2022 11:15:50.000     13009.895459      8568.165234     21399.829504
14 Sep 2022 11:16:00.000     13003.723589      8594.873173     21393.013857
14 Sep 2022 11:16:10.000     12997.569639      8621.576199     21386.152230
14 Sep 2022 11:16:20.000     12991.433610      8648.274243     21379.244637
14 Sep 2022 11:16:30.000     12985.315507      8674.967236     21372.291094
14 Sep 2022 11:16:40.000     12979.215332      8701.655110     21365.291616
14 Sep 2022 11:16:50.000     12973.133088      8728.337793     21358.246220
14 Sep 2022 11:17:00.000     12967.068777      8755.015219     21351.154921
14 Sep 2022 11:17:10.000     12961.022402      8781.687318     21344.017735
14 Sep 2022 11:17:20.000     12954.993966      8808.354020     21336.834677
14 Sep 2022 11:17:30.000     12948.983469      8835.015257     21329.605764
14 Sep 2022 11:17:40.000     12942.990915      8861.670960     21322.331012
14 Sep 2022 11:17:50.000     12937.016306      8888.321059     21315.010437
14 Sep 2022 11:18:00.000     12931.059642      8914.965486     21307.644056
14 Sep 2022 11:18:10.000     12925.120927      8941.604171     21300.231885
14 Sep 2022 11:18:20.000     12919.200161      8968.237046     21292.773940
14 Sep 2022 11:18:30.000     12913.297346      8994.864042     21285.270239
14 Sep 2022 11:18:40.000     12907.412483      9021.485089     21277.720797
14 Sep 2022 11:18:50.000     12901.545573      9048.100119     21270.125632
14 Sep 2022 11:19:00.000     12895.696617      9074.709063     21262.484761
14 Sep 2022 11:19:10.000     12889.865617      9101.311851     21254.798201
14 Sep 2022 11:19:20.000     12884.052573      9127.908415     21247.065968
14 Sep 2022 11:19:30.000     12878.257486      9154.498686     21239.288081
14 Sep 2022 11:19:40.000     12872.480356      9181.082595     21231.464556
14 Sep 2022 11:19:50.000     12866.721183      9207.660073     21223.595411
14 Sep 2022 11:20:00.000     12860.979968      9234.231052     21215.680663
14 Sep 2022 11:20:10.000     12855.256712      9260.795461     21207.720331
14 Sep 2022 11:20:20.000     12849.551413      9287.353233     21199.714431
14 Sep 2022 11:20:30.000     12843.864072      9313.904299     21191.662982
14 Sep 2022 11:20:40.000     12838.194689      9340.448589     21183.566002
14 Sep 2022 11:20:50.000     12832.543263      9366.986036     21175.423508
14 Sep 2022 11:21:00.000     12826.909793      9393.516569     21167.235519
14 Sep 2022 11:21:10.000     12821.294280      9420.040120     21159.002052
14 Sep 2022 11:21:20.000     12815.696722      9446.556622     21150.723127
14 Sep 2022 11:21:30.000     12810.117118      9473.066003     21142.398762
14 Sep 2022 11:21:40.000     12804.555468      9499.568197     21134.028975
14 Sep 2022 11:21:50.000     12799.011770      9526.063134     21125.613784
14 Sep 2022 11:22:00.000     12793.486023      9552.550746     21117.153209
14 Sep 2022 11:22:10.000     12787.978225      9579.030963     21108.647269
14 Sep 2022 11:22:20.000     12782.488375      9605.503717     21100.095982
14 Sep 2022 11:22:30.000     12777.016472      9631.968940     21091.499366
14 Sep 2022 11:22:40.000     12771.562513      9658.426563     21082.857443
14 Sep 2022 11:22:50.000     12766.126496      9684.876516     21074.170229
14 Sep 2022 11:23:00.000     12760.708420      9711.318732     21065.437746
14 Sep 2022 11:23:10.000     12755.308282      9737.753142     21056.660012
14 Sep 2022 11:23:20.000     12749.926080      9764.179677     21047.837046
14 Sep 2022 11:23:30.000     12744.561812      9790.598269     21038.968869
14 Sep 2022 11:23:40.000     12739.215475      9817.008849     21030.055500
14 Sep 2022 11:23:50.000     12733.887065      9843.411349     21021.096959
14 Sep 2022 11:24:00.000     12728.576581      9869.805700     21012.093265
14 Sep 2022 11:24:10.000     12723.284020      9896.191833     21003.044439
14 Sep 2022 11:24:20.000     12718.009378      9922.569681     20993.950501
14 Sep 2022 11:24:30.000     12712.752652      9948.939174     20984.811470
14 Sep 2022 11:24:40.000     12707.513838      9975.300244     20975.627368
14 Sep 2022 11:24:50.000     12702.292934     10001.652824     20966.398215
14 Sep 2022 11:25:00.000     12697.089936     10027.996843     20957.124030
14 Sep 2022 11:25:10.000     12691.904839     10054.332235     20947.804835
14 Sep 2022 11:25:20.000     12686.737641     10080.658930     20938.440650
14 Sep 2022 11:25:30.000     12681.588336     10106.976861     20929.031497
14 Sep 2022 11:25:40.000     12676.456922     10133.285959     20919.577395
14 Sep 2022 11:25:50.000     12671.343393     10159.586155     20910.078366
14 Sep 2022 11:26:00.000     12666.247746     10185.877382     20900.534430
14 Sep 2022 11:26:10.000     12661.169975     10212.159571     20890.945610
14 Sep 2022 11:26:20.000     12656.110077     10238.432655     20881.311926
14 Sep 2022 11:26:30.000     12651.068046     10264.696564     20871.633400
14 Sep 2022 11:26:40.000     12646.043877     10290.951231     20861.910053
14 Sep 2022 11:26:50.000     12641.037566     10317.196587     20852.141906
14 Sep 2022 11:27:00.000     12636.049107     10343.432565     20842.328981
14 Sep 2022 11:27:10.000     12631.078496     10369.659096     20832.471300
14 Sep 2022 11:27:20.000     12626.125726     10395.876112     20822.568886
14 Sep 2022 11:27:30.000     12621.190792     10422.083545     20812.621758
14 Sep 2022 11:27:40.000     12616.273688     10448.281328     20802.629941
14 Sep 2022 11:27:50.000     12611.374410     10474.469392     20792.593455
14 Sep 2022 11:28:00.000     12606.492950     10500.647669     20782.512323
14 Sep 2022 11:28:10.000     12601.629303     10526.816091     20772.386567
14 Sep 2022 11:28:20.000     12596.783462     10552.974590     20762.216210
14 Sep 2022 11:28:30.000     12591.955422     10579.123100     20752.001274
14 Sep 2022 11:28:40.000     12587.145176     10605.261550     20741.741782
14 Sep 2022 11:28:50.000     12582.352717     10631.389875     20731.437757
14 Sep 2022 11:29:00.000     12577.578038     10657.508005     20721.089221
14 Sep 2022 11:29:10.000     12572.821133     10683.615874     20710.696196
14 Sep 2022 11:29:20.000     12568.081996     10709.713413     20700.258707
14 Sep 2022 11:29:30.000     12563.360618     10735.800554     20689.776776
14 Sep 2022 11:29:40.000     12558.656992     10761.877231     20679.250427
14 Sep 2022 11:29:50.000     12553.971112     10787.943375     20668.679681
14 Sep 2022 11:30:00.000     12549.302970     10813.998919     20658.064564
14 Sep 2022 11:30:10.000     12544.652558     10840.043795     20647.405098
14 Sep 2022 11:30:20.000     12540.019869     10866.077936     20636.701308
14 Sep 2022 11:30:30.000     12535.404895     10892.101274     20625.953215
14 Sep 2022 11:30:40.000     12530.807627     10918.113741     20615.160845
14 Sep 2022 11:30:50.000     12526.228058     10944.115270     20604.324221
14 Sep 2022 11:31:00.000     12521.666180     10970.105794     20593.443368
14 Sep 2022 11:31:10.000     12517.121984     10996.085246     20582.518308
14 Sep 2022 11:31:20.000     12512.595462     11022.053557     20571.549066
14 Sep 2022 11:31:30.000     12508.086604     11048.010660     20560.535667
14 Sep 2022 11:31:40.000     12503.595404     11073.956489     20549.478135
14 Sep 2022 11:31:50.000     12499.121851     11099.890975     20538.376493
14 Sep 2022 11:32:00.000     12494.665936     11125.814052     20527.230768
14 Sep 2022 11:32:10.000     12490.227652     11151.725653     20516.040982
14 Sep 2022 11:32:20.000     12485.806987     11177.625710     20504.807162
14 Sep 2022 11:32:30.000     12481.403934     11203.514156     20493.529331
14 Sep 2022 11:32:40.000     12477.018482     11229.390924     20482.207514
14 Sep 2022 11:32:50.000     12472.650622     11255.255947     20470.841738
14 Sep 2022 11:33:00.000     12468.300344     11281.109157     20459.432025
14 Sep 2022 11:33:10.000     12463.967639     11306.950489     20447.978403
14 Sep 2022 11:33:20.000     12459.652496     11332.779874     20436.480895
14 Sep 2022 11:33:30.000     12455.354906     11358.597247     20424.939528
14 Sep 2022 11:33:40.000     12451.074857     11384.402539     20413.354327
14 Sep 2022 11:33:50.000     12446.812341     11410.195685     20401.725317
14 Sep 2022 11:34:00.000     12442.567345     11435.976617     20390.052524
14 Sep 2022 11:34:10.000     12438.339861     11461.745269     20378.335973
14 Sep 2022 11:34:20.000     12434.129876     11487.501573     20366.575691
14 Sep 2022 11:34:30.000     12429.937380     11513.245464     20354.771703
14 Sep 2022 11:34:40.000     12425.762362     11538.976874     20342.924036
14 Sep 2022 11:34:50.000     12421.604812     11564.695737     20331.032716
14 Sep 2022 11:35:00.000     12417.464717     11590.401987     20319.097767
14 Sep 2022 11:35:10.000     12413.342067     11616.095555     20307.119218
14 Sep 2022 11:35:20.000     12409.236849     11641.776378     20295.097095
14 Sep 2022 11:35:30.000     12405.149053     11667.444386     20283.031423
14 Sep 2022 11:35:40.000     12401.078667     11693.099515     20270.922229
14 Sep 2022 11:35:50.000     12397.025678     11718.741698     20258.769541
14 Sep 2022 11:36:00.000     12392.990075     11744.370868     20246.573384
14 Sep 2022 11:36:10.000     12388.971846     11769.986960     20234.333786
14 Sep 2022 11:36:20.000     12384.970978     11795.589906     20222.050774
14 Sep 2022 11:36:30.000     12380.987460     11821.179641     20209.724374
14 Sep 2022 11:36:40.000     12377.021278     11846.756099     20197.354614
14 Sep 2022 11:36:50.000     12373.072420     11872.319213     20184.941521
14 Sep 2022 11:37:00.000     12369.140874     11897.868917     20172.485122
14 Sep 2022 11:37:10.000     12365.226625     11923.405145     20159.985445
14 Sep 2022 11:37:20.000     12361.329663     11948.927831     20147.442517
14 Sep 2022 11:37:30.000     12357.449973     11974.436910     20134.856366
14 Sep 2022 11:37:40.000     12353.587542     11999.932314     20122.227019
14 Sep 2022 11:37:50.000     12349.742357     12025.413979     20109.554505
14 Sep 2022 11:38:00.000     12345.914404     12050.881839     20096.838850
14 Sep 2022 11:38:10.000     12342.103670     12076.335827     20084.080084
14 Sep 2022 11:38:20.000     12338.310141     12101.775878     20071.278234
14 Sep 2022 11:38:30.000     12334.533803     12127.201926     20058.433328
14 Sep 2022 11:38:40.000     12330.774643     12152.613905     20045.545394
14 Sep 2022 11:38:50.000     12327.032646     12178.011751     20032.614461
14 Sep 2022 11:39:00.000     12323.307798     12203.395397     20019.640558
14 Sep 2022 11:39:10.000     12319.600084     12228.764777     20006.623712
14 Sep 2022 11:39:20.000     12315.909491     12254.119827     19993.563952
14 Sep 2022 11:39:30.000     12312.236003     12279.460480     19980.461308
14 Sep 2022 11:39:40.000     12308.579607     12304.786673     19967.315807
14 Sep 2022 11:39:50.000     12304.940286     12330.098338     19954.127479
14 Sep 2022 11:40:00.000     12301.318026     12355.395411     19940.896353
14 Sep 2022 11:40:10.000     12297.712813     12380.677826     19927.622458
14 Sep 2022 11:40:20.000     12294.124631     12405.945519     19914.305822
14 Sep 2022 11:40:30.000     12290.553464     12431.198424     19900.946476
14 Sep 2022 11:40:40.000     12286.999297     12456.436476     19887.544448
14 Sep 2022 11:40:50.000     12283.462115     12481.659610     19874.099768
14 Sep 2022 11:41:00.000     12279.941902     12506.867760     19860.612465
14 Sep 2022 11:41:10.000     12276.438642     12532.060863     19847.082569
14 Sep 2022 11:41:20.000     12272.952319     12557.238853     19833.510110
14 Sep 2022 11:41:30.000     12269.482917     12582.401666     19819.895118
14 Sep 2022 11:41:40.000     12266.030420     12607.549236     19806.237622
14 Sep 2022 11:41:50.000     12262.594812     12632.681498     19792.537653
14 Sep 2022 11:42:00.000     12259.176077     12657.798388     19778.795239
14 Sep 2022 11:42:10.000     12255.774197     12682.899842     19765.010413
14 Sep 2022 11:42:20.000     12252.389156     12707.985794     19751.183203
14 Sep 2022 11:42:30.000     12249.020937     12733.056181     19737.313641
14 Sep 2022 11:42:40.000     12245.669524     12758.110937     19723.401756
14 Sep 2022 11:42:50.000     12242.334900     12783.149998     19709.447579
14 Sep 2022 11:43:00.000     12239.017047     12808.173300     19695.451142
14 Sep 2022 11:43:10.000     12235.715947     12833.180779     19681.412473
14 Sep 2022 11:43:20.000     12232.431585     12858.172370     19667.331605
14 Sep 2022 11:43:30.000     12229.163942     12883.148008     19653.208568
14 Sep 2022 11:43:40.000     12225.913000     12908.107630     19639.043393
14 Sep 2022 11:43:50.000     12222.678742     12933.051172     19624.836111
14 Sep 2022 11:44:00.000     12219.461150     12957.978569     19610.586753
14 Sep 2022 11:44:10.000     12216.260206     12982.889758     19596.295351
14 Sep 2022 11:44:20.000     12213.075892     13007.784674     19581.961936
14 Sep 2022 11:44:30.000     12209.908189     13032.663254     19567.586540
14 Sep 2022 11:44:40.000     12206.757080     13057.525434     19553.169193
14 Sep 2022 11:44:50.000     12203.622546     13082.371149     19538.709927
14 Sep 2022 11:45:00.000     12200.504568     13107.200336     19524.208775
14 Sep 2022 11:45:10.000     12197.403127     13132.012932     19509.665767
14 Sep 2022 11:45:20.000     12194.318206     13156.808873     19495.080936
14 Sep 2022 11:45:30.000     12191.249784     13181.588095     19480.454314
14 Sep 2022 11:45:40.000     12188.197843     13206.350535     19465.785932
14 Sep 2022 11:45:50.000     12185.162364     13231.096129     19451.075824
14 Sep 2022 11:46:00.000     12182.143327     13255.824814     19436.324020
14 Sep 2022 11:46:10.000     12179.140713     13280.536526     19421.530554
14 Sep 2022 11:46:20.000     12176.154502     13305.231203     19406.695458
14 Sep 2022 11:46:30.000     12173.184675     13329.908780     19391.818764
14 Sep 2022 11:46:40.000     12170.231212     13354.569195     19376.900505
14 Sep 2022 11:46:50.000     12167.294093     13379.212385     19361.940713
14 Sep 2022 11:47:00.000     12164.373298     13403.838287     19346.939422
14 Sep 2022 11:47:10.000     12161.468808     13428.446837     19331.896664
14 Sep 2022 11:47:20.000     12158.580600     13453.037973     19316.812472
14 Sep 2022 11:47:30.000     12155.708657     13477.611631     19301.686879
14 Sep 2022 11:47:40.000     12152.852956     13502.167750     19286.519918
14 Sep 2022 11:47:50.000     12150.013477     13526.706265     19271.311623
14 Sep 2022 11:48:00.000     12147.190200     13551.227115     19256.062026
14 Sep 2022 11:48:10.000     12144.383104     13575.730237     19240.771162
14 Sep 2022 11:48:20.000     12141.592168     13600.215568     19225.439063
14 Sep 2022 11:48:30.000     12138.817370     13624.683046     19210.065763
14 Sep 2022 11:48:40.000     12136.058690     13649.132609     19194.651296
14 Sep 2022 11:48:50.000     12133.316107     13673.564193     19179.195695
14 Sep 2022 11:49:00.000     12130.589598     13697.977737     19163.698995
14 Sep 2022 11:49:10.000     12127.879142     13722.373178     19148.161229
14 Sep 2022 11:49:20.000     12125.184719     13746.750454     19132.582430
14 Sep 2022 11:49:30.000     12122.506305     13771.109503     19116.962635
14 Sep 2022 11:49:40.000     12119.843879     13795.450263     19101.301875
14 Sep 2022 11:49:50.000     12117.197419     13819.772672     19085.600186
14 Sep 2022 11:50:00.000     12114.566904     13844.076668     19069.857602
14 Sep 2022 11:50:10.000     12111.952310     13868.362189     19054.074158
14 Sep 2022 11:50:20.000     12109.353615     13892.629173     19038.249887
14 Sep 2022 11:50:30.000     12106.770798     13916.877558     19022.384825
14 Sep 2022 11:50:40.000     12104.203834     13941.107284     19006.479006
14 Sep 2022 11:50:50.000     12101.652703     13965.318287     18990.532466
14 Sep 2022 11:51:00.000     12099.117380     13989.510507     18974.545237
14 Sep 2022 11:51:10.000     12096.597844     14013.683882     18958.517357
14 Sep 2022 11:51:20.000     12094.094070     14037.838351     18942.448860
14 Sep 2022 11:51:30.000     12091.606036     14061.973852     18926.339780
14 Sep 2022 11:51:40.000     12089.133719     14086.090324     18910.190154
14 Sep 2022 11:51:50.000     12086.677094     14110.187705     18894.000016
14 Sep 2022 11:52:00.000     12084.236140     14134.265936     18877.769402
14 Sep 2022 11:52:10.000     12081.810831     14158.324953     18861.498347
14 Sep 2022 11:52:20.000     12079.401145     14182.364698     18845.186887
14 Sep 2022 11:52:30.000     12077.007057     14206.385107     18828.835057
14 Sep 2022 11:52:40.000     12074.628544     14230.386122     18812.442893
14 Sep 2022 11:52:50.000     12072.265582     14254.367680     18796.010432
14 Sep 2022 11:53:00.000     12069.918145     14278.329721     18779.537708
14 Sep 2022 11:53:10.000     12067.586211     14302.272185     18763.024758
14 Sep 2022 11:53:20.000     12065.269754     14326.195010     18746.471618
14 Sep 2022 11:53:30.000     12062.968751     14350.098137     18729.878325
14 Sep 2022 11:53:40.000     12060.683176     14373.981504     18713.244913
14 Sep 2022 11:53:50.000     12058.413005     14397.845051     18696.571420
14 Sep 2022 11:54:00.000     12056.158212     14421.688719     18679.857882
14 Sep 2022 11:54:10.000     12053.918774     14445.512446     18663.104336
14 Sep 2022 11:54:20.000     12051.694665     14469.316173     18646.310817
14 Sep 2022 11:54:30.000     12049.485859     14493.099839     18629.477364
14 Sep 2022 11:54:40.000     12047.292332     14516.863384     18612.604011
14 Sep 2022 11:54:50.000     12045.114057     14540.606749     18595.690798
14 Sep 2022 11:55:00.000     12042.951010     14564.329873     18578.737759
14 Sep 2022 11:55:10.000     12040.803165     14588.032697     18561.744933
14 Sep 2022 11:55:20.000     12038.670496     14611.715161     18544.712356
14 Sep 2022 11:55:30.000     12036.552977     14635.377204     18527.640065
14 Sep 2022 11:55:40.000     12034.450582     14659.018769     18510.528098
14 Sep 2022 11:55:50.000     12032.363286     14682.639794     18493.376492
14 Sep 2022 11:56:00.000     12030.291061     14706.240220     18476.185285
14 Sep 2022 11:56:10.000     12028.233883     14729.819989     18458.954513
14 Sep 2022 11:56:20.000     12026.191723     14753.379041     18441.684216
14 Sep 2022 11:56:30.000     12024.164556     14776.917316     18424.374429
14 Sep 2022 11:56:40.000     12022.152355     14800.434755     18407.025192
14 Sep 2022 11:56:50.000     12020.155094     14823.931300     18389.636541
14 Sep 2022 11:57:00.000     12018.172745     14847.406891     18372.208515
14 Sep 2022 11:57:10.000     12016.205281     14870.861469     18354.741152
14 Sep 2022 11:57:20.000     12014.252676     14894.294976     18337.234489
14 Sep 2022 11:57:30.000     12012.314903     14917.707352     18319.688566
14 Sep 2022 11:57:40.000     12010.391933     14941.098539     18302.103420
14 Sep 2022 11:57:50.000     12008.483740     14964.468478     18284.479090
14 Sep 2022 11:58:00.000     12006.590295     14987.817111     18266.815613
14 Sep 2022 11:58:10.000     12004.711573     15011.144379     18249.113029
14 Sep 2022 11:58:20.000     12002.847544     15034.450223     18231.371377
14 Sep 2022 11:58:30.000     12000.998181     15057.734586     18213.590694
14 Sep 2022 11:58:40.000     11999.163455     15080.997409     18195.771020
14 Sep 2022 11:58:50.000     11997.343340     15104.238634     18177.912393
14 Sep 2022 11:59:00.000     11995.537806     15127.458203     18160.014852
14 Sep 2022 11:59:10.000     11993.746826     15150.656058     18142.078437
14 Sep 2022 11:59:20.000     11991.970371     15173.832140     18124.103186
14 Sep 2022 11:59:30.000     11990.208413     15196.986393     18106.089139
14 Sep 2022 11:59:40.000     11988.460922     15220.118757     18088.036335
14 Sep 2022 11:59:50.000     11986.727871     15243.229176     18069.944812
14 Sep 2022 12:00:00.000     11985.009230     15266.317592     18051.814612
14 Sep 2022 12:00:10.000     11983.304971     15289.383947     18033.645772
14 Sep 2022 12:00:20.000     11981.615064     15312.428183     18015.438333
14 Sep 2022 12:00:30.000     11979.939481     15335.450244     17997.192334
14 Sep 2022 12:00:40.000     11978.278192     15358.450073     17978.907815
14 Sep 2022 12:00:50.000     11976.631167     15381.427610     17960.584817
14 Sep 2022 12:01:00.000     11974.998378     15404.382801     17942.223377
14 Sep 2022 12:01:10.000     11973.379795     15427.315587     17923.823538
14 Sep 2022 12:01:20.000     11971.775388     15450.225912     17905.385338
14 Sep 2022 12:01:30.000     11970.185128     15473.113718     17886.908819
14 Sep 2022 12:01:40.000     11968.608984     15495.978950     17868.394019
14 Sep 2022 12:01:50.000     11967.046926     15518.821549     17849.840980
14 Sep 2022 12:02:00.000     11965.498925     15541.641460     17831.249742
14 Sep 2022 12:02:10.000     11963.964951     15564.438625     17812.620346
14 Sep 2022 12:02:20.000     11962.444972     15587.212989     17793.952831
14 Sep 2022 12:02:30.000     11960.938959     15609.964495     17775.247238
14 Sep 2022 12:02:40.000     11959.446881     15632.693087     17756.503609
14 Sep 2022 12:02:50.000     11957.968707     15655.398708     17737.721984
14 Sep 2022 12:03:00.000     11956.504408     15678.081302     17718.902404
14 Sep 2022 12:03:10.000     11955.053951     15700.740813     17700.044910
14 Sep 2022 12:03:20.000     11953.617306     15723.377185     17681.149542
14 Sep 2022 12:03:30.000     11952.194443     15745.990363     17662.216343
14 Sep 2022 12:03:40.000     11950.785329     15768.580290     17643.245352
14 Sep 2022 12:03:50.000     11949.389934     15791.146910     17624.236613
14 Sep 2022 12:04:00.000     11948.008226     15813.690168     17605.190165
14 Sep 2022 12:04:10.000     11946.640175     15836.210009     17586.106050
14 Sep 2022 12:04:20.000     11945.285747     15858.706377     17566.984310
14 Sep 2022 12:04:30.000     11943.944913     15881.179216     17547.824986
14 Sep 2022 12:04:40.000     11942.617639     15903.628471     17528.628120
14 Sep 2022 12:04:50.000     11941.303895     15926.054088     17509.393754
14 Sep 2022 12:05:00.000     11940.003648     15948.456010     17490.121930
14 Sep 2022 12:05:10.000     11938.716866     15970.834183     17470.812689
14 Sep 2022 12:05:20.000     11937.443517     15993.188551     17451.466074
14 Sep 2022 12:05:30.000     11936.183568     16015.519061     17432.082126
14 Sep 2022 12:05:40.000     11934.936989     16037.825656     17412.660888
14 Sep 2022 12:05:50.000     11933.703745     16060.108284     17393.202402
14 Sep 2022 12:06:00.000     11932.483804     16082.366887     17373.706710
14 Sep 2022 12:06:10.000     11931.277135     16104.601414     17354.173854
14 Sep 2022 12:06:20.000     11930.083703     16126.811808     17334.603878
14 Sep 2022 12:06:30.000     11928.903477     16148.998015     17314.996823
14 Sep 2022 12:06:40.000     11927.736422     16171.159982     17295.352732
14 Sep 2022 12:06:50.000     11926.582507     16193.297653     17275.671649
14 Sep 2022 12:07:00.000     11925.441698     16215.410976     17255.953615
14 Sep 2022 12:07:10.000     11924.313962     16237.499895     17236.198673
14 Sep 2022 12:07:20.000     11923.199265     16259.564358     17216.406867
14 Sep 2022 12:07:30.000     11922.097574     16281.604310     17196.578239
14 Sep 2022 12:07:40.000     11921.008855     16303.619697     17176.712833
14 Sep 2022 12:07:50.000     11919.933075     16325.610467     17156.810692
14 Sep 2022 12:08:00.000     11918.870200     16347.576564     17136.871858
14 Sep 2022 12:08:10.000     11917.820196     16369.517937     17116.896376
14 Sep 2022 12:08:20.000     11916.783029     16391.434530     17096.884288
14 Sep 2022 12:08:30.000     11915.758665     16413.326293     17076.835639
14 Sep 2022 12:08:40.000     11914.747071     16435.193170     17056.750471
14 Sep 2022 12:08:50.000     11913.748211     16457.035109     17036.628828
14 Sep 2022 12:09:00.000     11912.762051     16478.852058     17016.470755
14 Sep 2022 12:09:10.000     11911.788557     16500.643962     16996.276294
14 Sep 2022 12:09:20.000     11910.827695     16522.410770     16976.045489
14 Sep 2022 12:09:30.000     11909.879430     16544.152428     16955.778385
14 Sep 2022 12:09:40.000     11908.943726     16565.868884     16935.475026
14 Sep 2022 12:09:50.000     11908.020550     16587.560086     16915.135455
14 Sep 2022 12:10:00.000     11907.109866     16609.225980     16894.759717
14 Sep 2022 12:10:10.000     11906.211640     16630.866515     16874.347856
14 Sep 2022 12:10:20.000     11905.325836     16652.481639     16853.899916
14 Sep 2022 12:10:30.000     11904.452418     16674.071299     16833.415942
14 Sep 2022 12:10:40.000     11903.591352     16695.635443     16812.895978
14 Sep 2022 12:10:50.000     11902.742603     16717.174019     16792.340069
14 Sep 2022 12:11:00.000     11901.906134     16738.686976     16771.748259
14 Sep 2022 12:11:10.000     11901.081911     16760.174261     16751.120593
14 Sep 2022 12:11:20.000     11900.269897     16781.635823     16730.457115
14 Sep 2022 12:11:30.000     11899.470056     16803.071610     16709.757872
14 Sep 2022 12:11:40.000     11898.682354     16824.481572     16689.022906
14 Sep 2022 12:11:50.000     11897.906753     16845.865655     16668.252265
14 Sep 2022 12:12:00.000     11897.143218     16867.223810     16647.445992
14 Sep 2022 12:12:10.000     11896.391713     16888.555984     16626.604132
14 Sep 2022 12:12:20.000     11895.652201     16909.862128     16605.726731
14 Sep 2022 12:12:30.000     11894.924647     16931.142189     16584.813835
14 Sep 2022 12:12:40.000     11894.209013     16952.396117     16563.865488
14 Sep 2022 12:12:50.000     11893.505262     16973.623862     16542.881736
14 Sep 2022 12:13:00.000     11892.813360     16994.825371     16521.862625
14 Sep 2022 12:13:10.000     11892.133268     17016.000596     16500.808199
14 Sep 2022 12:13:20.000     11891.464950     17037.149484     16479.718506
14 Sep 2022 12:13:30.000     11890.808369     17058.271987     16458.593589
14 Sep 2022 12:13:40.000     11890.163488     17079.368053     16437.433496
14 Sep 2022 12:13:50.000     11889.530270     17100.437632     16416.238273
14 Sep 2022 12:14:00.000     11888.908677     17121.480674     16395.007964
14 Sep 2022 12:14:10.000     11888.298674     17142.497130     16373.742617
14 Sep 2022 12:14:20.000     11887.700221     17163.486949     16352.442276
14 Sep 2022 12:14:30.000     11887.113282     17184.450081     16331.106989
14 Sep 2022 12:14:40.000     11886.537819     17205.386476     16309.736802
14 Sep 2022 12:14:50.000     11885.973794     17226.296086     16288.331761
14 Sep 2022 12:15:00.000     11885.421171     17247.178860     16266.891912
14 Sep 2022 12:15:10.000     11884.879910     17268.034749     16245.417302
14 Sep 2022 12:15:20.000     11884.349974     17288.863704     16223.907978
14 Sep 2022 12:15:30.000     11883.831326     17309.665676     16202.363985
14 Sep 2022 12:15:40.000     11883.323926     17330.440614     16180.785371
14 Sep 2022 12:15:50.000     11882.827737     17351.188471     16159.172183
14 Sep 2022 12:16:00.000     11882.342721     17371.909198     16137.524466
14 Sep 2022 12:16:10.000     11881.868838     17392.602745     16115.842269
14 Sep 2022 12:16:20.000     11881.406052     17413.269064     16094.125638
14 Sep 2022 12:16:30.000     11880.954323     17433.908106     16072.374621
14 Sep 2022 12:16:40.000     11880.513612     17454.519822     16050.589263
14 Sep 2022 12:16:50.000     11880.083881     17475.104166     16028.769614
14 Sep 2022 12:17:00.000     11879.665091     17495.661087     16006.915719
14 Sep 2022 12:17:10.000     11879.257204     17516.190537     15985.027626
14 Sep 2022 12:17:20.000     11878.860180     17536.692470     15963.105382
14 Sep 2022 12:17:30.000     11878.473979     17557.166836     15941.149036
14 Sep 2022 12:17:40.000     11878.098564     17577.613588     15919.158634
14 Sep 2022 12:17:50.000     11877.733895     17598.032678     15897.134224
14 Sep 2022 12:18:00.000     11877.379932     17618.424058     15875.075854
14 Sep 2022 12:18:10.000     11877.036636     17638.787681     15852.983572
14 Sep 2022 12:18:20.000     11876.703968     17659.123499     15830.857425
14 Sep 2022 12:18:30.000     11876.381888     17679.431465     15808.697462
14 Sep 2022 12:18:40.000     11876.070356     17699.711531     15786.503729
14 Sep 2022 12:18:50.000     11875.769333     17719.963650     15764.276277
14 Sep 2022 12:19:00.000     11875.478779     17740.187776     15742.015151
14 Sep 2022 12:19:10.000     11875.198653     17760.383861     15719.720402
14 Sep 2022 12:19:20.000     11874.928916     17780.551859     15697.392076
14 Sep 2022 12:19:30.000     11874.669528     17800.691722     15675.030223
14 Sep 2022 12:19:40.000     11874.420449     17820.803405     15652.634890
14 Sep 2022 12:19:50.000     11874.181638     17840.886860     15630.206127
14 Sep 2022 12:20:00.000     11873.953054     17860.942040     15607.743981
14 Sep 2022 12:20:10.000     11873.734659     17880.968901     15585.248501
14 Sep 2022 12:20:20.000     11873.526410     17900.967395     15562.719736
14 Sep 2022 12:20:30.000     11873.328268     17920.937477     15540.157735
14 Sep 2022 12:20:40.000     11873.140192     17940.879100     15517.562547
14 Sep 2022 12:20:50.000     11872.962140     17960.792218     15494.934220
14 Sep 2022 12:21:00.000     11872.794073     17980.676786     15472.272803
14 Sep 2022 12:21:10.000     11872.635949     18000.532758     15449.578345
14 Sep 2022 12:21:20.000     11872.487728     18020.360089     15426.850897
14 Sep 2022 12:21:30.000     11872.349367     18040.158732     15404.090505
14 Sep 2022 12:21:40.000     11872.220827     18059.928643     15381.297221
14 Sep 2022 12:21:50.000     11872.102065     18079.669776     15358.471092
14 Sep 2022 12:22:00.000     11871.993040     18099.382086     15335.612170
14 Sep 2022 12:22:10.000     11871.893712     18119.065529     15312.720502
14 Sep 2022 12:22:20.000     11871.804038     18138.720059     15289.796138
14 Sep 2022 12:22:30.000     11871.723977     18158.345631     15266.839129
14 Sep 2022 12:22:40.000     11871.653487     18177.942200     15243.849523
14 Sep 2022 12:22:50.000     11871.592527     18197.509723     15220.827371
14 Sep 2022 12:23:00.000     11871.541054     18217.048154     15197.772722
14 Sep 2022 12:23:10.000     11871.499028     18236.557450     15174.685626
14 Sep 2022 12:23:20.000     11871.466405     18256.037565     15151.566132
14 Sep 2022 12:23:30.000     11871.443143     18275.488456     15128.414292
14 Sep 2022 12:23:40.000     11871.429202     18294.910078     15105.230154
14 Sep 2022 12:23:50.000     11871.424538     18314.302389     15082.013770
14 Sep 2022 12:24:00.000     11871.429109     18333.665343     15058.765189
14 Sep 2022 12:24:10.000     11871.442872     18352.998897     15035.484461
14 Sep 2022 12:24:20.000     11871.465786     18372.303008     15012.171637
14 Sep 2022 12:24:30.000     11871.497808     18391.577631     14988.826767
14 Sep 2022 12:24:40.000     11871.538895     18410.822725     14965.449902
14 Sep 2022 12:24:50.000     11871.589005     18430.038244     14942.041092
14 Sep 2022 12:25:00.000     11871.648094     18449.224147     14918.600387
14 Sep 2022 12:25:10.000     11871.716120     18468.380390     14895.127839
14 Sep 2022 12:25:20.000     11871.793040     18487.506930     14871.623498
14 Sep 2022 12:25:30.000     11871.878811     18506.603725     14848.087415
14 Sep 2022 12:25:40.000     11871.973389     18525.670731     14824.519640
14 Sep 2022 12:25:50.000     11872.076733     18544.707906     14800.920225
14 Sep 2022 12:26:00.000     11872.188798     18563.715208     14777.289221
14 Sep 2022 12:26:10.000     11872.309542     18582.692593     14753.626678
14 Sep 2022 12:26:20.000     11872.438920     18601.640021     14729.932648
14 Sep 2022 12:26:30.000     11872.576890     18620.557448     14706.207182
14 Sep 2022 12:26:40.000     11872.723407     18639.444833     14682.450331
14 Sep 2022 12:26:50.000     11872.878429     18658.302133     14658.662146
14 Sep 2022 12:27:00.000     11873.041912     18677.129308     14634.842679
14 Sep 2022 12:27:10.000     11873.213811     18695.926314     14610.991982
14 Sep 2022 12:27:20.000     11873.394083     18714.693111     14587.110105
14 Sep 2022 12:27:30.000     11873.582685     18733.429657     14563.197100
14 Sep 2022 12:27:40.000     11873.779572     18752.135911     14539.253020
14 Sep 2022 12:27:50.000     11873.984700     18770.811832     14515.277915
14 Sep 2022 12:28:00.000     11874.198025     18789.457378     14491.271837
14 Sep 2022 12:28:10.000     11874.419503     18808.072508     14467.234838
14 Sep 2022 12:28:20.000     11874.649090     18826.657182     14443.166971
14 Sep 2022 12:28:30.000     11874.886741     18845.211358     14419.068287
14 Sep 2022 12:28:40.000     11875.132411     18863.734996     14394.938837
14 Sep 2022 12:28:50.000     11875.386057     18882.228056     14370.778675
14 Sep 2022 12:29:00.000     11875.647634     18900.690496     14346.587852
14 Sep 2022 12:29:10.000     11875.917098     18919.122278     14322.366421
14 Sep 2022 12:29:20.000     11876.194402     18937.523360     14298.114433
14 Sep 2022 12:29:30.000     11876.479504     18955.893702     14273.831941
14 Sep 2022 12:29:40.000     11876.772357     18974.233264     14249.518998
14 Sep 2022 12:29:50.000     11877.072918     18992.542007     14225.175656
14 Sep 2022 12:30:00.000     11877.381140     19010.819891     14200.801967
14 Sep 2022 12:30:10.000     11877.696980     19029.066876     14176.397984
14 Sep 2022 12:30:20.000     11878.020392     19047.282922     14151.963760
14 Sep 2022 12:30:30.000     11878.351330     19065.467991     14127.499347
14 Sep 2022 12:30:40.000     11878.689750     19083.622043     14103.004798
14 Sep 2022 12:30:50.000     11879.035606     19101.745038     14078.480167
14 Sep 2022 12:31:00.000     11879.388852     19119.836939     14053.925505
14 Sep 2022 12:31:10.000     11879.749445     19137.897705     14029.340866
14 Sep 2022 12:31:20.000     11880.117336     19155.927298     14004.726303
14 Sep 2022 12:31:30.000     11880.492483     19173.925679     13980.081869
14 Sep 2022 12:31:40.000     11880.874837     19191.892811     13955.407616
14 Sep 2022 12:31:50.000     11881.264355     19209.828653     13930.703600
14 Sep 2022 12:32:00.000     11881.660989     19227.733169     13905.969871
14 Sep 2022 12:32:10.000     11882.064695     19245.606319     13881.206485
14 Sep 2022 12:32:20.000     11882.475425     19263.448066     13856.413494
14 Sep 2022 12:32:30.000     11882.893135     19281.258372     13831.590951
14 Sep 2022 12:32:40.000     11883.317779     19299.037199     13806.738911
14 Sep 2022 12:32:50.000     11883.749309     19316.784508     13781.857427
14 Sep 2022 12:33:00.000     11884.187680     19334.500263     13756.946552
14 Sep 2022 12:33:10.000     11884.632846     19352.184427     13732.006340
14 Sep 2022 12:33:20.000     11885.084760     19369.836960     13707.036845
14 Sep 2022 12:33:30.000     11885.543375     19387.457827     13682.038121
14 Sep 2022 12:33:40.000     11886.008647     19405.046991     13657.010222
14 Sep 2022 12:33:50.000     11886.480527     19422.604413     13631.953201
14 Sep 2022 12:34:00.000     11886.958969     19440.130058     13606.867112
14 Sep 2022 12:34:10.000     11887.443927     19457.623888     13581.752010
14 Sep 2022 12:34:20.000     11887.935354     19475.085868     13556.607949
14 Sep 2022 12:34:30.000     11888.433203     19492.515959     13531.434982
14 Sep 2022 12:34:40.000     11888.937427     19509.914126     13506.233165
14 Sep 2022 12:34:50.000     11889.447980     19527.280333     13481.002551
14 Sep 2022 12:35:00.000     11889.964815     19544.614544     13455.743195
14 Sep 2022 12:35:10.000     11890.487883     19561.916722     13430.455151
14 Sep 2022 12:35:20.000     11891.017139     19579.186831     13405.138474
14 Sep 2022 12:35:30.000     11891.552536     19596.424836     13379.793217
14 Sep 2022 12:35:40.000     11892.094025     19613.630701     13354.419437
14 Sep 2022 12:35:50.000     11892.641560     19630.804390     13329.017187
14 Sep 2022 12:36:00.000     11893.195093     19647.945868     13303.586522
14 Sep 2022 12:36:10.000     11893.754577     19665.055100     13278.127497
14 Sep 2022 12:36:20.000     11894.319965     19682.132050     13252.640167
14 Sep 2022 12:36:30.000     11894.891209     19699.176684     13227.124586
14 Sep 2022 12:36:40.000     11895.468261     19716.188966     13201.580810
14 Sep 2022 12:36:50.000     11896.051073     19733.168861     13176.008894
14 Sep 2022 12:37:00.000     11896.639599     19750.116336     13150.408892
14 Sep 2022 12:37:10.000     11897.233790     19767.031354     13124.780860
14 Sep 2022 12:37:20.000     11897.833599     19783.913883     13099.124852
14 Sep 2022 12:37:30.000     11898.438977     19800.763887     13073.440925
14 Sep 2022 12:37:40.000     11899.049877     19817.581332     13047.729133
14 Sep 2022 12:37:50.000     11899.666251     19834.366184     13021.989532
14 Sep 2022 12:38:00.000     11900.288050     19851.118410     12996.222177
14 Sep 2022 12:38:10.000     11900.915227     19867.837975     12970.427124
14 Sep 2022 12:38:20.000     11901.547733     19884.524845     12944.604428
14 Sep 2022 12:38:30.000     11902.185520     19901.178988     12918.754145
14 Sep 2022 12:38:40.000     11902.828540     19917.800369     12892.876330
14 Sep 2022 12:38:50.000     11903.476744     19934.388955     12866.971039
14 Sep 2022 12:39:00.000     11904.130085     19950.944714     12841.038327
14 Sep 2022 12:39:10.000     11904.788513     19967.467611     12815.078252
14 Sep 2022 12:39:20.000     11905.451980     19983.957614     12789.090868
14 Sep 2022 12:39:30.000     11906.120438     20000.414690     12763.076231
14 Sep 2022 12:39:40.000     11906.793838     20016.838807     12737.034397
14 Sep 2022 12:39:50.000     11907.472130     20033.229931     12710.965423
14 Sep 2022 12:40:00.000     11908.155268     20049.588031     12684.869364
14 Sep 2022 12:40:10.000     11908.843201     20065.913073     12658.746277
14 Sep 2022 12:40:20.000     11909.535881     20082.205026     12632.596217
14 Sep 2022 12:40:30.000     11910.233259     20098.463858     12606.419242
14 Sep 2022 12:40:40.000     11910.935286     20114.689537     12580.215407
14 Sep 2022 12:40:50.000     11911.641914     20130.882030     12553.984768
14 Sep 2022 12:41:00.000     11912.353092     20147.041306     12527.727383
14 Sep 2022 12:41:10.000     11913.068772     20163.167334     12501.443307
14 Sep 2022 12:41:20.000     11913.788905     20179.260082     12475.132597
14 Sep 2022 12:41:30.000     11914.513441     20195.319518     12448.795310
14 Sep 2022 12:41:40.000     11915.242331     20211.345612     12422.431502
14 Sep 2022 12:41:50.000     11915.975526     20227.338332     12396.041230
14 Sep 2022 12:42:00.000     11916.712977     20243.297648     12369.624551
14 Sep 2022 12:42:10.000     11917.454634     20259.223528     12343.181521
14 Sep 2022 12:42:20.000     11918.200448     20275.115943     12316.712197
14 Sep 2022 12:42:30.000     11918.950368     20290.974860     12290.216637
14 Sep 2022 12:42:40.000     11919.704347     20306.800250     12263.694897
14 Sep 2022 12:42:50.000     11920.462333     20322.592083     12237.147034
14 Sep 2022 12:43:00.000     11921.224277     20338.350328     12210.573105
14 Sep 2022 12:43:10.000     11921.990129     20354.074955     12183.973168
14 Sep 2022 12:43:20.000     11922.759841     20369.765935     12157.347279
14 Sep 2022 12:43:30.000     11923.533361     20385.423237     12130.695496
14 Sep 2022 12:43:40.000     11924.310640     20401.046832     12104.017876
14 Sep 2022 12:43:50.000     11925.091628     20416.636690     12077.314477
14 Sep 2022 12:44:00.000     11925.876276     20432.192782     12050.585355
14 Sep 2022 12:44:10.000     11926.664532     20447.715079     12023.830568
14 Sep 2022 12:44:20.000     11927.456347     20463.203551     11997.050174
14 Sep 2022 12:44:30.000     11928.251671     20478.658169     11970.244230
14 Sep 2022 12:44:40.000     11929.050454     20494.078904     11943.412794
14 Sep 2022 12:44:50.000     11929.852645     20509.465728     11916.555923
14 Sep 2022 12:45:00.000     11930.658195     20524.818612     11889.673676
14 Sep 2022 12:45:10.000     11931.467052     20540.137528     11862.766109
14 Sep 2022 12:45:20.000     11932.279167     20555.422446     11835.833281
14 Sep 2022 12:45:30.000     11933.094489     20570.673339     11808.875250
14 Sep 2022 12:45:40.000     11933.912968     20585.890179     11781.892073
14 Sep 2022 12:45:50.000     11934.734553     20601.072937     11754.883808
14 Sep 2022 12:46:00.000     11935.559193     20616.221586     11727.850514
14 Sep 2022 12:46:10.000     11936.386838     20631.336098     11700.792248
14 Sep 2022 12:46:20.000     11937.217438     20646.416446     11673.709068
14 Sep 2022 12:46:30.000     11938.050942     20661.462601     11646.601034
14 Sep 2022 12:46:40.000     11938.887298     20676.474536     11619.468202
14 Sep 2022 12:46:50.000     11939.726457     20691.452225     11592.310631
14 Sep 2022 12:47:00.000     11940.568367     20706.395640     11565.128380
14 Sep 2022 12:47:10.000     11941.412978     20721.304754     11537.921507
14 Sep 2022 12:47:20.000     11942.260238     20736.179540     11510.690069
14 Sep 2022 12:47:30.000     11943.110098     20751.019971     11483.434127
14 Sep 2022 12:47:40.000     11943.962504     20765.826022     11456.153737
14 Sep 2022 12:47:50.000     11944.817408     20780.597666     11428.848960
14 Sep 2022 12:48:00.000     11945.674757     20795.334875     11401.519852
14 Sep 2022 12:48:10.000     11946.534501     20810.037625     11374.166474
14 Sep 2022 12:48:20.000     11947.396588     20824.705888     11346.788884
14 Sep 2022 12:48:30.000     11948.260968     20839.339640     11319.387139
14 Sep 2022 12:48:40.000     11949.127588     20853.938853     11291.961301
14 Sep 2022 12:48:50.000     11949.996398     20868.503504     11264.511426
14 Sep 2022 12:49:00.000     11950.867346     20883.033565     11237.037574
14 Sep 2022 12:49:10.000     11951.740381     20897.529012     11209.539804
14 Sep 2022 12:49:20.000     11952.615452     20911.989819     11182.018175
14 Sep 2022 12:49:30.000     11953.492507     20926.415962     11154.472747
14 Sep 2022 12:49:40.000     11954.371495     20940.807414     11126.903577
14 Sep 2022 12:49:50.000     11955.252364     20955.164152     11099.310725
14 Sep 2022 12:50:00.000     11956.135062     20969.486151     11071.694252
14 Sep 2022 12:50:10.000     11957.019538     20983.773385     11044.054214
14 Sep 2022 12:50:20.000     11957.905741     20998.025831     11016.390673
14 Sep 2022 12:50:30.000     11958.793619     21012.243464     10988.703687
14 Sep 2022 12:50:40.000     11959.683119     21026.426260     10960.993316
14 Sep 2022 12:50:50.000     11960.574191     21040.574195     10933.259618
14 Sep 2022 12:51:00.000     11961.466782     21054.687245     10905.502655
14 Sep 2022 12:51:10.000     11962.360841     21068.765386     10877.722484
14 Sep 2022 12:51:20.000     11963.256315     21082.808594     10849.919167
14 Sep 2022 12:51:30.000     11964.153154     21096.816845     10822.092761
14 Sep 2022 12:51:40.000     11965.051304     21110.790118     10794.243328
14 Sep 2022 12:51:50.000     11965.950714     21124.728387     10766.370926
14 Sep 2022 12:52:00.000     11966.851332     21138.631630     10738.475616
14 Sep 2022 12:52:10.000     11967.753107     21152.499824     10710.557457
14 Sep 2022 12:52:20.000     11968.655985     21166.332946     10682.616509
14 Sep 2022 12:52:30.000     11969.559914     21180.130973     10654.652832
14 Sep 2022 12:52:40.000     11970.464844     21193.893883     10626.666486
14 Sep 2022 12:52:50.000     11971.370720     21207.621653     10598.657531
14 Sep 2022 12:53:00.000     11972.277492     21221.314261     10570.626027
14 Sep 2022 12:53:10.000     11973.185107     21234.971684     10542.572034
14 Sep 2022 12:53:20.000     11974.093513     21248.593901     10514.495612
14 Sep 2022 12:53:30.000     11975.002656     21262.180889     10486.396822
14 Sep 2022 12:53:40.000     11975.912486     21275.732627     10458.275723
14 Sep 2022 12:53:50.000     11976.822950     21289.249093     10430.132376
14 Sep 2022 12:54:00.000     11977.733994     21302.730265     10401.966841
14 Sep 2022 12:54:10.000     11978.645568     21316.176122     10373.779179
14 Sep 2022 12:54:20.000     11979.557617     21329.586643     10345.569449
14 Sep 2022 12:54:30.000     11980.470091     21342.961806     10317.337713
14 Sep 2022 12:54:40.000     11981.382936     21356.301591     10289.084031
14 Sep 2022 12:54:50.000     11982.296099     21369.605976     10260.808463
14 Sep 2022 12:55:00.000     11983.209528     21382.874942     10232.511070
14 Sep 2022 12:55:10.000     11984.123171     21396.108466     10204.191913
14 Sep 2022 12:55:20.000     11985.036975     21409.306530     10175.851051
14 Sep 2022 12:55:30.000     11985.950886     21422.469111     10147.488547
14 Sep 2022 12:55:40.000     11986.864853     21435.596191     10119.104460
14 Sep 2022 12:55:50.000     11987.778823     21448.687749     10090.698852
14 Sep 2022 12:56:00.000     11988.692742     21461.743765     10062.271783
14 Sep 2022 12:56:10.000     11989.606558     21474.764220     10033.823315
14 Sep 2022 12:56:20.000     11990.520219     21487.749093     10005.353507
14 Sep 2022 12:56:30.000     11991.433670     21500.698365      9976.862421
14 Sep 2022 12:56:40.000     11992.346860     21513.612017      9948.350119
14 Sep 2022 12:56:50.000     11993.259736     21526.490029      9919.816661
14 Sep 2022 12:57:00.000     11994.172244     21539.332383      9891.262107
14 Sep 2022 12:57:10.000     11995.084332     21552.139059      9862.686521
14 Sep 2022 12:57:20.000     11995.995946     21564.910039      9834.089961
14 Sep 2022 12:57:30.000     11996.907034     21577.645303      9805.472491
14 Sep 2022 12:57:40.000     11997.817542     21590.344833      9776.834170
14 Sep 2022 12:57:50.000     11998.727417     21603.008611      9748.175061
14 Sep 2022 12:58:00.000     11999.636607     21615.636618      9719.495225
14 Sep 2022 12:58:10.000     12000.545058     21628.228836      9690.794722
14 Sep 2022 12:58:20.000     12001.452716     21640.785248      9662.073615
14 Sep 2022 12:58:30.000     12002.359530     21653.305834      9633.331965
14 Sep 2022 12:58:40.000     12003.265445     21665.790578      9604.569834
14 Sep 2022 12:58:50.000     12004.170408     21678.239462      9575.787282
14 Sep 2022 12:59:00.000     12005.074367     21690.652467      9546.984372
14 Sep 2022 12:59:10.000     12005.977267     21703.029578      9518.161165
14 Sep 2022 12:59:20.000     12006.879056     21715.370776      9489.317724
14 Sep 2022 12:59:30.000     12007.779679     21727.676045      9460.454108
14 Sep 2022 12:59:40.000     12008.679085     21739.945367      9431.570382
14 Sep 2022 12:59:50.000     12009.577219     21752.178726      9402.666605
14 Sep 2022 13:00:00.000     12010.474028     21764.376105      9373.742840
14 Sep 2022 13:00:10.000     12011.369459     21776.537487      9344.799150
14 Sep 2022 13:00:20.000     12012.263457     21788.662856      9315.835595
14 Sep 2022 13:00:30.000     12013.155971     21800.752196      9286.852238
14 Sep 2022 13:00:40.000     12014.046946     21812.805491      9257.849141
14 Sep 2022 13:00:50.000     12014.936328     21824.822724      9228.826365
14 Sep 2022 13:01:00.000     12015.824064     21836.803879      9199.783974
14 Sep 2022 13:01:10.000     12016.710102     21848.748942      9170.722028
14 Sep 2022 13:01:20.000     12017.594386     21860.657896      9141.640591
14 Sep 2022 13:01:30.000     12018.476863     21872.530725      9112.539724
14 Sep 2022 13:01:40.000     12019.357481     21884.367416      9083.419489
14 Sep 2022 13:01:50.000     12020.236185     21896.167951      9054.279949
14 Sep 2022 13:02:00.000     12021.112921     21907.932317      9025.121167
14 Sep 2022 13:02:10.000     12021.987636     21919.660498      8995.943204
14 Sep 2022 13:02:20.000     12022.860277     21931.352480      8966.746123
14 Sep 2022 13:02:30.000     12023.730789     21943.008247      8937.529986
14 Sep 2022 13:02:40.000     12024.599119     21954.627786      8908.294856
14 Sep 2022 13:02:50.000     12025.465213     21966.211082      8879.040795
14 Sep 2022 13:03:00.000     12026.329017     21977.758121      8849.767866
14 Sep 2022 13:03:10.000     12027.190478     21989.268888      8820.476132
14 Sep 2022 13:03:20.000     12028.049542     22000.743370      8791.165654
14 Sep 2022 13:03:30.000     12028.906155     22012.181553      8761.836496
14 Sep 2022 13:03:40.000     12029.760263     22023.583423      8732.488720
14 Sep 2022 13:03:50.000     12030.611812     22034.948966      8703.122390
14 Sep 2022 13:04:00.000     12031.460749     22046.278170      8673.737567
14 Sep 2022 13:04:10.000     12032.307019     22057.571021      8644.334315
14 Sep 2022 13:04:20.000     12033.150569     22068.827506      8614.912696
14 Sep 2022 13:04:30.000     12033.991345     22080.047611      8585.472774
14 Sep 2022 13:04:40.000     12034.829293     22091.231324      8556.014611
14 Sep 2022 13:04:50.000     12035.664358     22102.378632      8526.538270
14 Sep 2022 13:05:00.000     12036.496488     22113.489523      8497.043814
14 Sep 2022 13:05:10.000     12037.325628     22124.563985      8467.531306
14 Sep 2022 13:05:20.000     12038.151724     22135.602004      8438.000809
14 Sep 2022 13:05:30.000     12038.974722     22146.603568      8408.452387
14 Sep 2022 13:05:40.000     12039.794569     22157.568666      8378.886102
14 Sep 2022 13:05:50.000     12040.611209     22168.497286      8349.302018
14 Sep 2022 13:06:00.000     12041.424590     22179.389416      8319.700198
14 Sep 2022 13:06:10.000     12042.234657     22190.245044      8290.080704
14 Sep 2022 13:06:20.000     12043.041356     22201.064159      8260.443601
14 Sep 2022 13:06:30.000     12043.844633     22211.846749      8230.788951
14 Sep 2022 13:06:40.000     12044.644434     22222.592804      8201.116818
14 Sep 2022 13:06:50.000     12045.440705     22233.302311      8171.427266
14 Sep 2022 13:07:00.000     12046.233391     22243.975261      8141.720357
14 Sep 2022 13:07:10.000     12047.022440     22254.611642      8111.996155
14 Sep 2022 13:07:20.000     12047.807796     22265.211444      8082.254724
14 Sep 2022 13:07:30.000     12048.589405     22275.774656      8052.496127
14 Sep 2022 13:07:40.000     12049.367214     22286.301268      8022.720427
14 Sep 2022 13:07:50.000     12050.141168     22296.791270      7992.927689
14 Sep 2022 13:08:00.000     12050.911214     22307.244651      7963.117975
14 Sep 2022 13:08:10.000     12051.677296     22317.661402      7933.291350
14 Sep 2022 13:08:20.000     12052.439361     22328.041512      7903.447877
14 Sep 2022 13:08:30.000     12053.197355     22338.384972      7873.587619
14 Sep 2022 13:08:40.000     12053.951223     22348.691772      7843.710642
14 Sep 2022 13:08:50.000     12054.700911     22358.961903      7813.817007
14 Sep 2022 13:09:00.000     12055.446366     22369.195356      7783.906780
14 Sep 2022 13:09:10.000     12056.187532     22379.392122      7753.980023
14 Sep 2022 13:09:20.000     12056.924357     22389.552191      7724.036802
14 Sep 2022 13:09:30.000     12057.656784     22399.675555      7694.077179
14 Sep 2022 13:09:40.000     12058.384761     22409.762204      7664.101218
14 Sep 2022 13:09:50.000     12059.108233     22419.812131      7634.108985
14 Sep 2022 13:10:00.000     12059.827146     22429.825327      7604.100542
14 Sep 2022 13:10:10.000     12060.541446     22439.801783      7574.075953
14 Sep 2022 13:10:20.000     12061.251078     22449.741492      7544.035284
14 Sep 2022 13:10:30.000     12061.955988     22459.644444      7513.978597
14 Sep 2022 13:10:40.000     12062.656122     22469.510634      7483.905957
14 Sep 2022 13:10:50.000     12063.351425     22479.340051      7453.817428
14 Sep 2022 13:11:00.000     12064.041844     22489.132690      7423.713074
14 Sep 2022 13:11:10.000     12064.727325     22498.888542      7393.592960
14 Sep 2022 13:11:20.000     12065.407812     22508.607601      7363.457150
14 Sep 2022 13:11:30.000     12066.083252     22518.289858      7333.305708
14 Sep 2022 13:11:40.000     12066.753590     22527.935308      7303.138698
14 Sep 2022 13:11:50.000     12067.418772     22537.543942      7272.956184
14 Sep 2022 13:12:00.000     12068.078744     22547.115754      7242.758232
14 Sep 2022 13:12:10.000     12068.733452     22556.650738      7212.544905
14 Sep 2022 13:12:20.000     12069.382841     22566.148886      7182.316268
14 Sep 2022 13:12:30.000     12070.026857     22575.610194      7152.072386
14 Sep 2022 13:12:40.000     12070.665446     22585.034653      7121.813322
14 Sep 2022 13:12:50.000     12071.298554     22594.422259      7091.539141
14 Sep 2022 13:13:00.000     12071.926126     22603.773005      7061.249909
14 Sep 2022 13:13:10.000     12072.548107     22613.086885      7030.945689
14 Sep 2022 13:13:20.000     12073.164445     22622.363894      7000.626546
14 Sep 2022 13:13:30.000     12073.775084     22631.604026      6970.292545
14 Sep 2022 13:13:40.000     12074.379970     22640.807276      6939.943750
14 Sep 2022 13:13:50.000     12074.979049     22649.973638      6909.580226
14 Sep 2022 13:14:00.000     12075.572266     22659.103108      6879.202038
14 Sep 2022 13:14:10.000     12076.159568     22668.195680      6848.809251
14 Sep 2022 13:14:20.000     12076.740900     22677.251349      6818.401929
14 Sep 2022 13:14:30.000     12077.316208     22686.270111      6787.980137
14 Sep 2022 13:14:40.000     12077.885438     22695.251962      6757.543940
14 Sep 2022 13:14:50.000     12078.448535     22704.196896      6727.093403
14 Sep 2022 13:15:00.000     12079.005445     22713.104909      6696.628591
14 Sep 2022 13:15:10.000     12079.556114     22721.975997      6666.149568
14 Sep 2022 13:15:20.000     12080.100487     22730.810157      6635.656400
14 Sep 2022 13:15:30.000     12080.638511     22739.607384      6605.149152
14 Sep 2022 13:15:40.000     12081.170131     22748.367674      6574.627888
14 Sep 2022 13:15:50.000     12081.695293     22757.091024      6544.092674
14 Sep 2022 13:16:00.000     12082.213943     22765.777431      6513.543575
14 Sep 2022 13:16:10.000     12082.726026     22774.426891      6482.980656
14 Sep 2022 13:16:20.000     12083.231488     22783.039400      6452.403981
14 Sep 2022 13:16:30.000     12083.730275     22791.614956      6421.813616
14 Sep 2022 13:16:40.000     12084.222333     22800.153557      6391.209627
14 Sep 2022 13:16:50.000     12084.707608     22808.655198      6360.592078
14 Sep 2022 13:17:00.000     12085.186045     22817.119878      6329.961035
14 Sep 2022 13:17:10.000     12085.657591     22825.547593      6299.316562
14 Sep 2022 13:17:20.000     12086.122191     22833.938342      6268.658726
14 Sep 2022 13:17:30.000     12086.579790     22842.292123      6237.987591
14 Sep 2022 13:17:40.000     12087.030336     22850.608932      6207.303223
14 Sep 2022 13:17:50.000     12087.473773     22858.888769      6176.605686
14 Sep 2022 13:18:00.000     12087.910047     22867.131631      6145.895048
14 Sep 2022 13:18:10.000     12088.339105     22875.337517      6115.171372
14 Sep 2022 13:18:20.000     12088.760892     22883.506425      6084.434724
14 Sep 2022 13:18:30.000     12089.175354     22891.638354      6053.685171
14 Sep 2022 13:18:40.000     12089.582437     22899.733302      6022.922776
14 Sep 2022 13:18:50.000     12089.982087     22907.791269      5992.147606
14 Sep 2022 13:19:00.000     12090.374250     22915.812253      5961.359726
14 Sep 2022 13:19:10.000     12090.758872     22923.796254      5930.559203
14 Sep 2022 13:19:20.000     12091.135898     22931.743270      5899.746100
14 Sep 2022 13:19:30.000     12091.505275     22939.653302      5868.920484
14 Sep 2022 13:19:40.000     12091.866948     22947.526348      5838.082421
14 Sep 2022 13:19:50.000     12092.220864     22955.362409      5807.231976
14 Sep 2022 13:20:00.000     12092.566969     22963.161484      5776.369215
14 Sep 2022 13:20:10.000     12092.905208     22970.923573      5745.494203
14 Sep 2022 13:20:20.000     12093.235527     22978.648677      5714.607007
14 Sep 2022 13:20:30.000     12093.557873     22986.336795      5683.707692
14 Sep 2022 13:20:40.000     12093.872192     22993.987928      5652.796323
14 Sep 2022 13:20:50.000     12094.178429     23001.602077      5621.872967
14 Sep 2022 13:21:00.000     12094.476531     23009.179242      5590.937689
14 Sep 2022 13:21:10.000     12094.766444     23016.719424      5559.990556
14 Sep 2022 13:21:20.000     12095.048114     23024.222624      5529.031632
14 Sep 2022 13:21:30.000     12095.321486     23031.688842      5498.060984
14 Sep 2022 13:21:40.000     12095.586508     23039.118081      5467.078678
14 Sep 2022 13:21:50.000     12095.843124     23046.510342      5436.084780
14 Sep 2022 13:22:00.000     12096.091282     23053.865625      5405.079355
14 Sep 2022 13:22:10.000     12096.330928     23061.183933      5374.062470
14 Sep 2022 13:22:20.000     12096.562007     23068.465268      5343.034190
14 Sep 2022 13:22:30.000     12096.784466     23075.709631      5311.994583
14 Sep 2022 13:22:40.000     12096.998251     23082.917024      5280.943712
14 Sep 2022 13:22:50.000     12097.203308     23090.087449      5249.881645
14 Sep 2022 13:23:00.000     12097.399584     23097.220910      5218.808448
14 Sep 2022 13:23:10.000     12097.587025     23104.317407      5187.724187
14 Sep 2022 13:23:20.000     12097.765576     23111.376945      5156.628928
14 Sep 2022 13:23:30.000     12097.935185     23118.399525      5125.522736
14 Sep 2022 13:23:40.000     12098.095798     23125.385150      5094.405679
14 Sep 2022 13:23:50.000     12098.247360     23132.333824      5063.277822
14 Sep 2022 13:24:00.000     12098.389819     23139.245549      5032.139232
14 Sep 2022 13:24:10.000     12098.523121     23146.120329      5000.989974
14 Sep 2022 13:24:20.000     12098.647212     23152.958168      4969.830116
14 Sep 2022 13:24:30.000     12098.762038     23159.759068      4938.659723
14 Sep 2022 13:24:40.000     12098.867546     23166.523033      4907.478861
14 Sep 2022 13:24:50.000     12098.963683     23173.250068      4876.287597
14 Sep 2022 13:25:00.000     12099.050394     23179.940176      4845.085997
14 Sep 2022 13:25:10.000     12099.127627     23186.593361      4813.874127
14 Sep 2022 13:25:20.000     12099.195328     23193.209628      4782.652055
14 Sep 2022 13:25:30.000     12099.253443     23199.788981      4751.419845
14 Sep 2022 13:25:40.000     12099.301918     23206.331424      4720.177565
14 Sep 2022 13:25:50.000     12099.340702     23212.836962      4688.925281
14 Sep 2022 13:26:00.000     12099.369739     23219.305600      4657.663059
14 Sep 2022 13:26:10.000     12099.388977     23225.737342      4626.390966
14 Sep 2022 13:26:20.000     12099.398363     23232.132194      4595.109069
14 Sep 2022 13:26:30.000     12099.397842     23238.490162      4563.817433
14 Sep 2022 13:26:40.000     12099.387362     23244.811249      4532.516125
14 Sep 2022 13:26:50.000     12099.366870     23251.095462      4501.205212
14 Sep 2022 13:27:00.000     12099.336312     23257.342807      4469.884761
14 Sep 2022 13:27:10.000     12099.295634     23263.553288      4438.554837
14 Sep 2022 13:27:20.000     12099.244785     23269.726912      4407.215508
14 Sep 2022 13:27:30.000     12099.183709     23275.863686      4375.866839
14 Sep 2022 13:27:40.000     12099.112355     23281.963614      4344.508898
14 Sep 2022 13:27:50.000     12099.030670     23288.026703      4313.141752
14 Sep 2022 13:28:00.000     12098.938599     23294.052961      4281.765466
14 Sep 2022 13:28:10.000     12098.836090     23300.042392      4250.380108
14 Sep 2022 13:28:20.000     12098.723090     23305.995004      4218.985744
14 Sep 2022 13:28:30.000     12098.599546     23311.910805      4187.582441
14 Sep 2022 13:28:40.000     12098.465405     23317.789799      4156.170265
14 Sep 2022 13:28:50.000     12098.320613     23323.631996      4124.749284
14 Sep 2022 13:29:00.000     12098.165119     23329.437402      4093.319563
14 Sep 2022 13:29:10.000     12097.998868     23335.206024      4061.881171
14 Sep 2022 13:29:20.000     12097.821809     23340.937870      4030.434173
14 Sep 2022 13:29:30.000     12097.633887     23346.632947      3998.978636
14 Sep 2022 13:29:40.000     12097.435051     23352.291264      3967.514628
14 Sep 2022 13:29:50.000     12097.225248     23357.912827      3936.042214
14 Sep 2022 13:30:00.000     12097.004424     23363.497646      3904.561462
14 Sep 2022 13:30:10.000     12096.772527     23369.045729      3873.072439
14 Sep 2022 13:30:20.000     12096.529504     23374.557083      3841.575211
14 Sep 2022 13:30:30.000     12096.275303     23380.031717      3810.069845
14 Sep 2022 13:30:40.000     12096.009871     23385.469639      3778.556409
14 Sep 2022 13:30:50.000     12095.733155     23390.870860      3747.034969
14 Sep 2022 13:31:00.000     12095.445102     23396.235386      3715.505592
14 Sep 2022 13:31:10.000     12095.145660     23401.563228      3683.968344
14 Sep 2022 13:31:20.000     12094.834777     23406.854394      3652.423294
14 Sep 2022 13:31:30.000     12094.512400     23412.108893      3620.870508
14 Sep 2022 13:31:40.000     12094.178476     23417.326736      3589.310052
14 Sep 2022 13:31:50.000     12093.832953     23422.507931      3557.741994
14 Sep 2022 13:32:00.000     12093.475779     23427.652488      3526.166401
14 Sep 2022 13:32:10.000     12093.106900     23432.760417      3494.583340
14 Sep 2022 13:32:20.000     12092.726266     23437.831728      3462.992878
14 Sep 2022 13:32:30.000     12092.333823     23442.866431      3431.395082
14 Sep 2022 13:32:40.000     12091.929519     23447.864536      3399.790019
14 Sep 2022 13:32:50.000     12091.513302     23452.826054      3368.177755
14 Sep 2022 13:33:00.000     12091.085120     23457.750994      3336.558359
14 Sep 2022 13:33:10.000     12090.644920     23462.639368      3304.931897
14 Sep 2022 13:33:20.000     12090.192651     23467.491186      3273.298437
14 Sep 2022 13:33:30.000     12089.728259     23472.306460      3241.658044
14 Sep 2022 13:33:40.000     12089.251694     23477.085199      3210.010788
14 Sep 2022 13:33:50.000     12088.762903     23481.827415      3178.356734
14 Sep 2022 13:34:00.000     12088.261834     23486.533120      3146.695950
14 Sep 2022 13:34:10.000     12087.748435     23491.202325      3115.028502
14 Sep 2022 13:34:20.000     12087.222654     23495.835042      3083.354459
14 Sep 2022 13:34:30.000     12086.684439     23500.431281      3051.673888
14 Sep 2022 13:34:40.000     12086.133739     23504.991055      3019.986855
14 Sep 2022 13:34:50.000     12085.570501     23509.514376      2988.293428
14 Sep 2022 13:35:00.000     12084.994674     23514.001256      2956.593673
14 Sep 2022 13:35:10.000     12084.406206     23518.451707      2924.887659
14 Sep 2022 13:35:20.000     12083.805045     23522.865741      2893.175453
14 Sep 2022 13:35:30.000     12083.191139     23527.243371      2861.457121
14 Sep 2022 13:35:40.000     12082.564437     23531.584609      2829.732731
14 Sep 2022 13:35:50.000     12081.924888     23535.889469      2798.002350
14 Sep 2022 13:36:00.000     12081.272439     23540.157963      2766.266046
14 Sep 2022 13:36:10.000     12080.607039     23544.390104      2734.523886
14 Sep 2022 13:36:20.000     12079.928637     23548.585904      2702.775937
14 Sep 2022 13:36:30.000     12079.237181     23552.745379      2671.022267
14 Sep 2022 13:36:40.000     12078.532620     23556.868540      2639.262942
14 Sep 2022 13:36:50.000     12077.814902     23560.955401      2607.498030
14 Sep 2022 13:37:00.000     12077.083977     23565.005977      2575.727599
14 Sep 2022 13:37:10.000     12076.339792     23569.020280      2543.951715
14 Sep 2022 13:37:20.000     12075.582297     23572.998324      2512.170447
14 Sep 2022 13:37:30.000     12074.811440     23576.940125      2480.383861
14 Sep 2022 13:37:40.000     12074.027170     23580.845695      2448.592025
14 Sep 2022 13:37:50.000     12073.229436     23584.715050      2416.795006
14 Sep 2022 13:38:00.000     12072.418187     23588.548203      2384.992872
14 Sep 2022 13:38:10.000     12071.593372     23592.345170      2353.185691
14 Sep 2022 13:38:20.000     12070.754940     23596.105965      2321.373528
14 Sep 2022 13:38:30.000     12069.902839     23599.830602      2289.556453
14 Sep 2022 13:38:40.000     12069.037020     23603.519097      2257.734532
14 Sep 2022 13:38:50.000     12068.157431     23607.171465      2225.907832
14 Sep 2022 13:39:00.000     12067.264021     23610.787721      2194.076422
14 Sep 2022 13:39:10.000     12066.356739     23614.367881      2162.240369
14 Sep 2022 13:39:20.000     12065.435536     23617.911959      2130.399739
14 Sep 2022 13:39:30.000     12064.500359     23621.419972      2098.554602
14 Sep 2022 13:39:40.000     12063.551159     23624.891936      2066.705023
14 Sep 2022 13:39:50.000     12062.587885     23628.327866      2034.851071
14 Sep 2022 13:40:00.000     12061.610485     23631.727778      2002.992813
14 Sep 2022 13:40:10.000     12060.618911     23635.091688      1971.130316
14 Sep 2022 13:40:20.000     12059.613111     23638.419613      1939.263649
14 Sep 2022 13:40:30.000     12058.593035     23641.711570      1907.392877
14 Sep 2022 13:40:40.000     12057.558632     23644.967573      1875.518070
14 Sep 2022 13:40:50.000     12056.509852     23648.187642      1843.639295
14 Sep 2022 13:41:00.000     12055.446645     23651.371791      1811.756619
14 Sep 2022 13:41:10.000     12054.368961     23654.520038      1779.870109
14 Sep 2022 13:41:20.000     12053.276749     23657.632401      1747.979833
14 Sep 2022 13:41:30.000     12052.169959     23660.708896      1716.085859
14 Sep 2022 13:41:40.000     12051.048542     23663.749540      1684.188254
14 Sep 2022 13:41:50.000     12049.912446     23666.754351      1652.287086
14 Sep 2022 13:42:00.000     12048.761623     23669.723347      1620.382422
14 Sep 2022 13:42:10.000     12047.596022     23672.656546      1588.474331
14 Sep 2022 13:42:20.000     12046.415593     23675.553964      1556.562878
14 Sep 2022 13:42:30.000     12045.220287     23678.415621      1524.648133
14 Sep 2022 13:42:40.000     12044.010053     23681.241534      1492.730162
14 Sep 2022 13:42:50.000     12042.784842     23684.031721      1460.809034
14 Sep 2022 13:43:00.000     12041.544604     23686.786202      1428.884815
14 Sep 2022 13:43:10.000     12040.289290     23689.504993      1396.957573
14 Sep 2022 13:43:20.000     12039.018849     23692.188115      1365.027377
14 Sep 2022 13:43:30.000     12037.733233     23694.835585      1333.094293
14 Sep 2022 13:43:40.000     12036.432392     23697.447422      1301.158389
14 Sep 2022 13:43:50.000     12035.116276     23700.023646      1269.219733
14 Sep 2022 13:44:00.000     12033.784836     23702.564276      1237.278392
14 Sep 2022 13:44:10.000     12032.438023     23705.069330      1205.334434
14 Sep 2022 13:44:20.000     12031.075787     23707.538829      1173.387926
14 Sep 2022 13:44:30.000     12029.698079     23709.972792      1141.438937
14 Sep 2022 13:44:40.000     12028.304850     23712.371238      1109.487534
14 Sep 2022 13:44:50.000     12026.896051     23714.734187      1077.533784
14 Sep 2022 13:45:00.000     12025.471633     23717.061659      1045.577755
14 Sep 2022 13:45:10.000     12024.031546     23719.353674      1013.619515
14 Sep 2022 13:45:20.000     12022.575742     23721.610252       981.659130
14 Sep 2022 13:45:30.000     12021.104171     23723.831414       949.696670
14 Sep 2022 13:45:40.000     12019.616786     23726.017179       917.732202
14 Sep 2022 13:45:50.000     12018.113537     23728.167569       885.765792
14 Sep 2022 13:46:00.000     12016.594375     23730.282604       853.797510
14 Sep 2022 13:46:10.000     12015.059251     23732.362305       821.827422
14 Sep 2022 13:46:20.000     12013.508118     23734.406692       789.855596
14 Sep 2022 13:46:30.000     12011.940926     23736.415787       757.882099
14 Sep 2022 13:46:40.000     12010.357627     23738.389611       725.907000
14 Sep 2022 13:46:50.000     12008.758172     23740.328185       693.930367
14 Sep 2022 13:47:00.000     12007.142513     23742.231531       661.952265
14 Sep 2022 13:47:10.000     12005.510602     23744.099670       629.972764
14 Sep 2022 13:47:20.000     12003.862390     23745.932623       597.991931
14 Sep 2022 13:47:30.000     12002.197829     23747.730413       566.009834
14 Sep 2022 13:47:40.000     12000.516870     23749.493062       534.026540
14 Sep 2022 13:47:50.000     11998.819467     23751.220591       502.042116
14 Sep 2022 13:48:00.000     11997.105570     23752.913022       470.056631
14 Sep 2022 13:48:10.000     11995.375131     23754.570379       438.070153
14 Sep 2022 13:48:20.000     11993.628103     23756.192682       406.082748
14 Sep 2022 13:48:30.000     11991.864438     23757.779956       374.094485
14 Sep 2022 13:48:40.000     11990.084088     23759.332222       342.105430
14 Sep 2022 13:48:50.000     11988.287004     23760.849503       310.115653
14 Sep 2022 13:49:00.000     11986.473140     23762.331823       278.125220
14 Sep 2022 13:49:10.000     11984.642448     23763.779204       246.134198
14 Sep 2022 13:49:20.000     11982.794880     23765.191669       214.142657
14 Sep 2022 13:49:30.000     11980.930388     23766.569242       182.150663
14 Sep 2022 13:49:40.000     11979.048925     23767.911946       150.158284
14 Sep 2022 13:49:50.000     11977.150443     23769.219804       118.165587
14 Sep 2022 13:50:00.000     11975.234896     23770.492841        86.172640
14 Sep 2022 13:50:10.000     11973.302236     23771.731080        54.179512
14 Sep 2022 13:50:20.000     11971.352415     23772.934545        22.186269
14 Sep 2022 13:50:30.000     11969.385387     23774.103259        -9.807021
14 Sep 2022 13:50:40.000     11967.401104     23775.237248       -41.800291
14 Sep 2022 13:50:50.000     11965.399519     23776.336535       -73.793472
14 Sep 2022 13:51:00.000     11963.380585     23777.401145      -105.786497
14 Sep 2022 13:51:10.000     11961.344256     23778.431102      -137.779298
14 Sep 2022 13:51:20.000     11959.290484     23779.426431      -169.771808
14 Sep 2022 13:51:30.000     11957.219223     23780.387156      -201.763959
14 Sep 2022 13:51:40.000     11955.130426     23781.313303      -233.755684
14 Sep 2022 13:51:50.000     11953.024046     23782.204897      -265.746915
14 Sep 2022 13:52:00.000     11950.900037     23783.061962      -297.737584
14 Sep 2022 13:52:10.000     11948.758351     23783.884525      -329.727624
14 Sep 2022 13:52:20.000     11946.598943     23784.672609      -361.716967
14 Sep 2022 13:52:30.000     11944.421766     23785.426241      -393.705546
14 Sep 2022 13:52:40.000     11942.226774     23786.145447      -425.693293
14 Sep 2022 13:52:50.000     11940.013921     23786.830251      -457.680140
14 Sep 2022 13:53:00.000     11937.783159     23787.480681      -489.666020
14 Sep 2022 13:53:10.000     11935.534444     23788.096762      -521.650865
14 Sep 2022 13:53:20.000     11933.267729     23788.678519      -553.634608
14 Sep 2022 13:53:30.000     11930.982967     23789.225980      -585.617181
14 Sep 2022 13:53:40.000     11928.680114     23789.739170      -617.598516
14 Sep 2022 13:53:50.000     11926.359122     23790.218117      -649.578547
14 Sep 2022 13:54:00.000     11924.019947     23790.662846      -681.557204
14 Sep 2022 13:54:10.000     11921.662542     23791.073384      -713.534422
14 Sep 2022 13:54:20.000     11919.286862     23791.449758      -745.510132
14 Sep 2022 13:54:30.000     11916.892861     23791.791996      -777.484267
14 Sep 2022 13:54:40.000     11914.480493     23792.100123      -809.456759
14 Sep 2022 13:54:50.000     11912.049714     23792.374168      -841.427541
14 Sep 2022 13:55:00.000     11909.600477     23792.614158      -873.396545
14 Sep 2022 13:55:10.000     11907.132738     23792.820119      -905.363704
14 Sep 2022 13:55:20.000     11904.646450     23792.992080      -937.328950
14 Sep 2022 13:55:30.000     11902.141569     23793.130068      -969.292215
14 Sep 2022 13:55:40.000     11899.618050     23793.234111     -1001.253433
14 Sep 2022 13:55:50.000     11897.075847     23793.304237     -1033.212536
14 Sep 2022 13:56:00.000     11894.514916     23793.340474     -1065.169456
14 Sep 2022 13:56:10.000     11891.935211     23793.342850     -1097.124125
14 Sep 2022 13:56:20.000     11889.336688     23793.311393     -1129.076477
14 Sep 2022 13:56:30.000     11886.719302     23793.246132     -1161.026444
14 Sep 2022 13:56:40.000     11884.083008     23793.147095     -1192.973958
14 Sep 2022 13:56:50.000     11881.427761     23793.014310     -1224.918952
14 Sep 2022 13:57:00.000     11878.753518     23792.847807     -1256.861359
14 Sep 2022 13:57:10.000     11876.060232     23792.647614     -1288.801110
14 Sep 2022 13:57:20.000     11873.347861     23792.413761     -1320.738140
14 Sep 2022 13:57:30.000     11870.616359     23792.146275     -1352.672379
14 Sep 2022 13:57:40.000     11867.865682     23791.845187     -1384.603761
14 Sep 2022 13:57:50.000     11865.095787     23791.510526     -1416.532219
14 Sep 2022 13:58:00.000     11862.306628     23791.142321     -1448.457685
14 Sep 2022 13:58:10.000     11859.498162     23790.740602     -1480.380091
14 Sep 2022 13:58:20.000     11856.670345     23790.305398     -1512.299371
14 Sep 2022 13:58:30.000     11853.823132     23789.836739     -1544.215456
14 Sep 2022 13:58:40.000     11850.956481     23789.334655     -1576.128281
14 Sep 2022 13:58:50.000     11848.070347     23788.799176     -1608.037776
14 Sep 2022 13:59:00.000     11845.164686     23788.230332     -1639.943875
14 Sep 2022 13:59:10.000     11842.239455     23787.628154     -1671.846511