20 Nov 2022 01:33:00.000    -3469.688021     5826.237147     1686.293274
20 Nov 2022 01:33:30.000    -3398.256518     5801.409019     1902.807935
20 Nov 2022 01:34:00.000    -3323.387846     5770.183656     2117.314816
20 Nov 2022 01:34:30.000    -3245.188561     5732.579274     2329.587689
20 Nov 2022 01:35:00.000    -3163.768639     5688.621301     2539.402734
20 Nov 2022 01:35:30.000    -3079.241327     5638.342364     2746.538777
20 Nov 2022 01:36:00.000    -2991.722984     5581.782261     2950.777527
20 Nov 2022 01:36:30.000    -2901.332929     5518.987928     3151.903816
20 Nov 2022 01:37:00.000    -2808.193273     5450.013396     3349.705824
20 Nov 2022 01:37:30.000    -2712.428762     5374.919740     3543.975305
20 Nov 2022 01:38:00.000    -2614.166605     5293.775018     3734.507814
20 Nov 2022 01:38:30.000    -2513.536310     5206.654203     3921.102916
20 Nov 2022 01:39:00.000    -2410.669511     5113.639109     4103.564403
20 Nov 2022 01:39:30.000    -2305.699799     5014.818303     4281.700498
20 Nov 2022 01:40:00.000    -2198.762544     4910.287018     4455.324057
20 Nov 2022 01:40:30.000    -2089.994724     4800.147047     4624.252761
20 Nov 2022 01:41:00.000    -1979.534749     4684.506641     4788.309309
20 Nov 2022 01:41:30.000    -1867.522282     4563.480394     4947.321598
20 Nov 2022 01:42:00.000    -1754.098065     4437.189116     5101.122902
20 Nov 2022 01:42:30.000    -1639.403743     4305.759710     5249.552041
20 Nov 2022 01:43:00.000    -1523.581683     4169.325036     5392.453546