20 Nov 2022 01:33:00.000      5134.917649     14581.561001     21606.942163
20 Nov 2022 01:33:30.000      5052.793742     14585.862874     21622.984044
20 Nov 2022 01:34:00.000      4970.616523     14590.315005     21638.612274
20 Nov 2022 01:34:30.000      4888.387827     14594.917552     21653.826537
20 Nov 2022 01:35:00.000      4806.109487     14599.670657     21668.626528
20 Nov 2022 01:35:30.000      4723.783338     14604.574456     21683.011947
20 Nov 2022 01:36:00.000      4641.411219     14609.629074     21696.982504
20 Nov 2022 01:36:30.000      4558.994967     14614.834624     21710.537917
20 Nov 2022 01:37:00.000      4476.536423     14620.191211     21723.677910
20 Nov 2022 01:37:30.000      4394.037425     14625.698927     21736.402216
20 Nov 2022 01:38:00.000      4311.499817     14631.357858     21748.710577
20 Nov 2022 01:38:30.000      4228.925442     14637.168076     21760.602742
20 Nov 2022 01:39:00.000      4146.316142     14643.129643     21772.078466
20 Nov 2022 01:39:30.000      4063.673763     14649.242614     21783.137516
20 Nov 2022 01:40:00.000      3981.000150     14655.507030     21793.779663
20 Nov 2022 01:40:30.000      3898.297149     14661.922923     21804.004689
20 Nov 2022 01:41:00.000      3815.566608     14668.490316     21813.812382
20 Nov 2022 01:41:30.000      3732.810373     14675.209220     21823.202539
20 Nov 2022 01:42:00.000      3650.030292     14682.079637     21832.174964
20 Nov 2022 01:42:30.000      3567.228213     14689.101558     21840.729470
20 Nov 2022 01:43:00.000      3484.405987     14696.274963     21848.865878